-2428.433350 1550.449463 2.117188
-2429.302734 1550.468750 2.117188
-2430.171875 1550.488159 2.117188
-2431.054688 1550.507324 2.117188
-2431.745605 1550.522095 2.629359
-2432.350098 1550.535278 3.275620
-2432.934326 1550.548462 3.893875
-2433.572510 1550.569580 4.569288
-2434.228027 1550.665283 5.034399
-2435.108887 1550.833496 5.034399
-2435.977783 1551.001831 5.034399
-2436.881348 1551.176270 5.034399
-2437.699219 1551.299683 5.123123
-2438.283936 1551.370605 5.751935
-2438.931885 1551.413818 6.434305
-2439.537842 1551.426514 7.077295
-2440.128174 1551.394165 7.712596
-2440.754883 1550.991577 8.019416
-2441.192383 1550.216431 8.019416
-2441.027588 1549.404053 8.019416
-2440.722412 1548.594482 8.409399
-2440.406982 1547.760132 8.409399
-2440.139404 1546.928101 8.409399
-2439.913330 1546.086060 8.409399
-2439.714600 1545.265991 8.409399
-2439.498779 1544.374146 8.409399
-2439.300293 1543.552612 8.409399
-2439.143066 1542.842285 8.796719
-2439.031738 1542.246338 9.453627
-2438.952881 1541.608765 10.137627
-2438.940918 1541.017578 10.764911
-2438.945313 1540.419434 11.402699
-2438.949707 1539.789795 12.074000
-2438.954102 1539.193848 12.700281
-2438.970459 1538.590698 13.345698
-2438.996826 1537.977783 13.997770
-2439.031250 1537.332886 14.677702
-2439.044922 1536.668213 15.067228
-2438.910889 1535.807007 15.067228
-2438.347412 1535.108154 15.081761
-2437.827148 1534.872070 15.788674
-2437.260986 1534.799927 16.488880
-2436.724609 1534.843750 17.175543
-2435.946045 1535.046631 17.328125
-2435.767578 1535.718384 17.328125
-2435.753418 1536.555176 17.328125
-2435.767578 1537.445557 17.328125
-2435.814941 1538.300171 17.328125
-2435.831543 1539.225220 17.328125
-2435.825928 1540.082275 17.328125
-2435.820313 1541.010132 17.328125
-2435.814697 1541.841553 17.328125
-2435.809082 1542.716187 17.328125
-2435.803467 1543.594727 17.328125
-2435.797852 1544.493530 17.328125
-2435.791992 1545.357056 17.328125
-2435.786133 1546.228027 17.328125
-2435.780518 1547.152954 17.328125
-2435.770020 1548.017456 17.328125
-2435.759033 1548.890747 17.328125
-2435.759033 1549.740356 17.328125
-2435.952637 1550.612183 17.328125
-2436.534180 1551.235229 17.328125
-2437.138184 1551.827759 17.328125
-2437.747070 1552.466797 17.328125
-2438.304932 1553.180908 17.328125
-2438.647705 1553.983276 17.328125
-2438.933838 1554.790405 17.328125
-2439.053467 1555.703369 17.328125
-2438.888916 1556.524902 17.328125
-2438.291504 1556.892212 17.724527
-2437.615967 1556.787598 18.305042
-2436.937500 1556.765015 18.903076
-2436.274170 1556.778076 19.495392
-2435.618652 1556.793579 20.080418
-2434.830811 1556.781372 20.244953
-2433.971191 1556.667847 20.244953
-2433.102539 1556.539185 20.244953
-2432.242188 1556.425781 20.244953
-2431.332520 1556.496216 20.244953
-2430.510742 1556.615356 20.244953
-2429.777588 1556.691650 20.505678
-2429.319580 1556.728882 21.311581
-2428.884033 1556.765015 22.080290
-2428.448242 1556.830322 22.855967
-2427.791748 1556.968750 23.151203
-2426.884033 1557.160400 23.151203
-2426.062256 1557.348999 23.151203
-2425.230713 1557.614014 23.151203
-2424.345947 1557.766602 23.151203
-2423.640137 1557.372803 23.470161
-2423.602051 1556.911255 24.283960
-2423.648682 1556.438599 25.093407
-2423.573975 1555.996094 25.883743
-2423.504395 1555.384521 26.057453
-2423.658936 1554.502686 26.057453
-2423.942383 1553.732056 26.057453
-2424.216064 1552.826782 26.057453
-2424.463867 1551.983398 26.057453
-2424.712402 1551.138672 26.057453
-2424.927490 1550.276001 26.190878
-2425.033936 1549.402100 26.190878
-2425.046387 1548.509766 26.190878
-2425.050781 1547.638672 26.190878
-2425.050781 1546.728516 26.192879
-2425.013672 1545.891724 26.192879
-2424.953613 1545.017334 26.192879
-2424.891113 1544.093628 26.192879
-2424.831055 1543.209961 26.190878
-2424.771484 1542.331787 26.190878
-2424.713379 1541.475952 26.190878
-2424.649414 1540.527344 26.066713
-2424.556152 1539.670532 26.057453
-2424.409424 1538.796265 26.057453
-2424.236572 1537.896240 26.057453
-2424.045410 1537.023682 26.057453
-2423.842041 1536.176514 26.057453
-2423.561768 1535.385742 26.057453
-2423.100342 1534.564087 26.057453
-2422.609863 1533.897583 26.057453
-2421.973389 1533.260620 26.057453
-2421.216309 1532.810669 26.057453
-2420.340576 1532.530151 26.057453
-2419.505371 1532.366089 26.057453
-2418.654053 1532.310547 26.057453
-2417.751465 1532.288940 26.057453
-2416.895508 1532.283325 26.057453
-2416.006836 1532.291992 26.057453
-2415.155273 1532.319092 26.057453
-2414.217773 1532.348877 26.057453
-2413.347656 1532.376221 26.057453
-2412.494873 1532.403687 26.057453
-2411.569336 1532.432983 26.057453
-2410.677490 1532.461060 26.057453
-2409.812744 1532.488525 26.057453
-2408.942383 1532.516479 26.057453
-2407.989502 1532.547485 26.057453
-2407.119141 1532.583374 26.057453
-2406.261963 1532.699219 26.057453
-2405.462891 1533.125854 26.057453
-2404.915039 1533.817871 26.057453
-2404.513428 1534.590942 26.057453
-2404.124268 1535.344971 26.057453
-2403.697510 1536.172974 26.057453
-2403.300049 1536.943359 26.057453
-2402.892334 1537.735352 26.057453
-2402.483154 1538.527832 26.057453
-2402.077393 1539.321655 26.057453
-2401.717041 1540.122437 26.057453
-2401.485840 1540.928101 26.057453
-2401.376709 1541.815186 26.057453
-2401.337402 1542.676636 26.057453
-2401.448242 1543.540649 26.057453
-2401.693848 1544.375000 26.057453
-2402.000732 1545.255859 26.057453
-2402.281982 1546.060181 26.057453
-2402.563721 1546.865112 26.057453
-2402.861572 1547.717651 26.057453
-2403.151855 1548.545898 26.057453
-2403.441895 1549.374634 26.057453
-2403.725098 1550.183716 26.057453
-2404.034912 1551.069336 26.057453
-2404.312500 1551.884521 26.057453
-2404.525146 1552.728027 26.057453
-2404.610840 1553.625610 26.057453
-2404.534668 1554.513794 26.057453
-2404.284424 1555.337036 26.057453
-2403.813965 1556.060425 26.057453
-2403.095947 1556.593018 26.057453
-2402.337402 1557.002930 26.057453
-2401.482422 1557.253784 26.057453
-2400.613770 1557.303955 26.057453
-2399.694580 1557.318970 26.057453
-2398.842285 1557.333008 26.057453
-2397.995850 1557.375610 26.057453
-2397.096924 1557.544678 26.057453
-2396.246826 1557.704590 26.057453
-2395.399658 1557.813965 26.057453
-2394.545654 1557.872070 26.057453
-2393.643311 1557.802490 26.057453
-2392.805908 1557.706177 26.057453
-2391.970947 1557.511108 26.057453
-2391.143799 1557.109375 26.057453
-2390.349365 1556.669800 26.057453
-2389.666016 1556.208130 26.057453
-2389.022705 1555.565063 26.057453
-2388.518066 1554.787476 26.057453
-2388.304932 1553.992798 26.057453
-2388.386230 1553.115601 26.057453
-2388.469727 1552.226807 26.057453
-2388.557373 1551.298340 26.057453
-2388.637939 1550.447754 26.057453
-2388.717773 1549.605713 26.057453
-2388.802246 1548.677002 26.057453
-2388.835938 1547.802246 26.057453
-2388.796387 1546.931152 26.057453
-2388.669189 1546.084229 26.057453
-2388.322266 1545.228760 26.057453
-2387.947021 1544.440186 26.057453
-2387.431641 1543.730103 26.057453
-2386.790771 1543.067993 26.057453
-2386.073242 1542.559448 26.057453
-2385.281738 1542.221924 26.057453
-2384.496826 1541.917725 26.057453
-2383.675049 1541.484985 26.057453
-2383.001465 1540.993652 26.057453
-2382.315186 1540.430664 26.057453
-2381.582275 1539.871582 26.057453
-2380.834229 1539.421509 26.057453
-2380.044189 1539.118774 26.057453
-2379.202393 1538.905273 26.057453
-2378.275146 1538.836792 26.057453
-2377.745117 1538.838257 25.536438
-2377.269043 1538.842651 24.781683
-2376.806152 1538.842773 24.046661
-2376.306885 1538.835083 23.250860
-2375.853271 1538.813477 22.525803
-2375.380615 1538.789917 21.769455
-2374.887695 1538.751343 20.995605
-2374.018555 1538.651855 20.995605
-2373.224609 1538.541138 20.675598
-2372.406006 1538.421143 20.287876
-2371.483154 1538.347656 20.244953
-2370.627197 1538.304565 20.276228
-2369.750488 1538.282349 20.275187
-2368.940674 1538.272217 20.273848
-2368.047119 1538.276001 20.274359
-2367.191162 1538.321777 20.279907
-2366.318115 1538.362793 20.285892
-2365.401367 1538.384766 20.284443
-2364.570313 1538.521973 20.244953
-2364.066406 1539.222168 20.244953
-2364.148926 1540.087769 20.244953
-2364.440430 1540.933472 20.244953
-2364.767822 1541.790039 20.244953
-2365.075684 1542.593750 20.244953
-2365.416016 1543.432495 20.123775
-2366.006348 1543.902466 19.661121
-2366.601074 1544.284302 18.791626
-2367.178467 1544.650757 17.328125
-2367.918701 1545.085327 17.328125
-2368.729004 1544.891724 17.328125
-2368.931641 1544.030273 17.328125
-2368.850830 1543.153687 17.328125
-2368.749023 1542.286255 17.328125
-2368.676758 1541.376587 17.328125
-2368.612549 1540.526123 17.328125
-2368.573242 1539.639038 17.328125
-2368.534668 1538.736694 17.328125
-2368.495850 1537.816895 17.328125
-2368.459473 1536.952637 17.328125
-2368.422607 1536.079712 17.328125
-2368.383057 1535.153809 17.328125
-2368.347412 1534.300537 17.328125
-2368.322021 1533.408081 17.328125
-2368.297607 1532.527710 17.328125
-2368.254395 1531.615967 17.328125
-2368.210938 1530.739868 17.328125
-2368.167725 1529.877930 17.328125
